-0.1 -0.1 -0.010000000000000009 0.0 0.07
-0.1 -0.1 0.009999999999999995 -0.04000000000000001 0.01999999999999999
-0.1 -0.1 0.01999999999999999 -0.020000000000000004 0.07999999999999999
-0.1 -0.1 0.01999999999999999 -0.010000000000000009 -0.09000000000000001
-0.1 -0.1 0.03 -0.04000000000000001 -0.020000000000000004
-0.1 -0.1 0.03 -0.020000000000000004 -0.09000000000000001
-0.1 -0.1 0.03 -0.010000000000000009 -0.07
-0.1 -0.1 0.03 0.009999999999999995 -0.08
-0.1 -0.1 0.04000000000000001 -0.04000000000000001 0.0
-0.1 -0.1 0.04000000000000001 -0.04000000000000001 0.009999999999999995
-0.1 -0.1 0.04000000000000001 -0.04000000000000001 0.03
-0.1 -0.1 0.04000000000000001 -0.03 0.03
-0.1 -0.1 0.04000000000000001 -0.020000000000000004 -0.09000000000000001
-0.1 -0.1 0.04000000000000001 -0.020000000000000004 0.03
-0.1 -0.1 0.04000000000000001 -0.010000000000000009 -0.05
-0.1 -0.1 0.04000000000000001 -0.010000000000000009 0.07999999999999999
-0.1 -0.1 0.04000000000000001 0.0 0.04000000000000001
-0.1 -0.1 0.04000000000000001 0.009999999999999995 -0.08
-0.1 -0.1 0.04000000000000001 0.009999999999999995 -0.060000000000000005
-0.1 -0.1 0.04000000000000001 0.009999999999999995 -0.04000000000000001
-0.1 -0.1 0.04000000000000001 0.009999999999999995 0.009999999999999995
-0.1 -0.1 0.04000000000000001 0.01999999999999999 -0.05
-0.1 -0.1 0.04000000000000001 0.01999999999999999 0.07999999999999999
-0.1 -0.1 0.04000000000000001 0.03 0.04000000000000001
-0.1 -0.1 0.04999999999999999 -0.060000000000000005 -0.04000000000000001
-0.1 -0.1 0.04999999999999999 -0.05 -0.07
-0.1 -0.1 0.04999999999999999 -0.04000000000000001 0.04000000000000001
-0.1 -0.1 0.04999999999999999 -0.04000000000000001 0.06
-0.1 -0.1 0.04999999999999999 -0.04000000000000001 0.09
-0.1 -0.1 0.04999999999999999 -0.020000000000000004 -0.1
-0.1 -0.1 0.04999999999999999 -0.020000000000000004 -0.08
-0.1 -0.1 0.04999999999999999 -0.020000000000000004 0.01999999999999999
-0.1 -0.1 0.04999999999999999 -0.020000000000000004 0.04999999999999999
-0.1 -0.1 0.04999999999999999 0.0 0.009999999999999995
-0.1 -0.1 0.04999999999999999 0.0 0.09
-0.1 -0.1 0.04999999999999999 0.009999999999999995 -0.020000000000000004
-0.1 -0.1 0.04999999999999999 0.009999999999999995 0.0
-0.1 -0.1 0.04999999999999999 0.009999999999999995 0.01999999999999999
-0.1 -0.1 0.04999999999999999 0.009999999999999995 0.04999999999999999
-0.1 -0.1 0.04999999999999999 0.009999999999999995 0.07999999999999999
-0.1 -0.1 0.04999999999999999 0.009999999999999995 0.1
-0.1 -0.1 0.04999999999999999 0.03 0.1
-0.1 -0.1 0.06 -0.060000000000000005 0.01999999999999999
-0.1 -0.1 0.06 -0.060000000000000005 0.07
-0.1 -0.1 0.06 -0.060000000000000005 0.07999999999999999
-0.1 -0.1 0.06 -0.05 -0.07
-0.1 -0.1 0.06 -0.05 0.0
-0.1 -0.1 0.06 -0.04000000000000001 -0.060000000000000005
-0.1 -0.1 0.06 -0.04000000000000001 0.03
-0.1 -0.1 0.06 -0.03 -0.08
-0.1 -0.1 0.06 -0.03 0.1
-0.1 -0.1 0.06 -0.020000000000000004 -0.1
-0.1 -0.1 0.06 -0.020000000000000004 -0.09000000000000001
-0.1 -0.1 0.06 -0.020000000000000004 0.03
-0.1 -0.1 0.06 -0.020000000000000004 0.04999999999999999
-0.1 -0.1 0.06 -0.010000000000000009 -0.09000000000000001
-0.1 -0.1 0.06 -0.010000000000000009 -0.060000000000000005
-0.1 -0.1 0.06 -0.010000000000000009 -0.020000000000000004
-0.1 -0.1 0.06 -0.010000000000000009 -0.010000000000000009
-0.1 -0.1 0.06 -0.010000000000000009 0.07
-0.1 -0.1 0.06 -0.010000000000000009 0.07999999999999999
-0.1 -0.1 0.06 0.0 -0.1
-0.1 -0.1 0.06 0.0 -0.09000000000000001
-0.1 -0.1 0.06 0.0 -0.05
-0.1 -0.1 0.06 0.0 -0.03
-0.1 -0.1 0.06 0.009999999999999995 -0.08
-0.1 -0.1 0.06 0.009999999999999995 0.009999999999999995
-0.1 -0.1 0.06 0.009999999999999995 0.07
-0.1 -0.1 0.06 0.009999999999999995 0.1
-0.1 -0.1 0.06 0.01999999999999999 -0.1
-0.1 -0.1 0.06 0.01999999999999999 -0.08
-0.1 -0.1 0.06 0.01999999999999999 0.04000000000000001
-0.1 -0.1 0.06 0.04000000000000001 -0.03
-0.1 -0.1 0.07 -0.060000000000000005 -0.010000000000000009
-0.1 -0.1 0.07 -0.060000000000000005 0.009999999999999995
-0.1 -0.1 0.07 -0.05 -0.03
-0.1 -0.1 0.07 -0.05 0.04999999999999999
-0.1 -0.1 0.07 -0.04000000000000001 -0.1
-0.1 -0.1 0.07 -0.04000000000000001 -0.060000000000000005
-0.1 -0.1 0.07 -0.04000000000000001 -0.05
-0.1 -0.1 0.07 -0.04000000000000001 -0.020000000000000004
-0.1 -0.1 0.07 -0.03 -0.08
-0.1 -0.1 0.07 -0.03 -0.04000000000000001
-0.1 -0.1 0.07 -0.03 -0.03
-0.1 -0.1 0.07 -0.020000000000000004 -0.07
-0.1 -0.1 0.07 -0.020000000000000004 -0.04000000000000001
-0.1 -0.1 0.07 -0.020000000000000004 -0.03
-0.1 -0.1 0.07 -0.020000000000000004 -0.020000000000000004
-0.1 -0.1 0.07 -0.020000000000000004 -0.010000000000000009
-0.1 -0.1 0.07 -0.020000000000000004 0.0
-0.1 -0.1 0.07 -0.020000000000000004 0.04000000000000001
-0.1 -0.1 0.07 -0.020000000000000004 0.04999999999999999
-0.1 -0.1 0.07 -0.010000000000000009 -0.09000000000000001
-0.1 -0.1 0.07 -0.010000000000000009 -0.07
-0.1 -0.1 0.07 -0.010000000000000009 -0.060000000000000005
-0.1 -0.1 0.07 -0.010000000000000009 -0.04000000000000001
-0.1 -0.1 0.07 -0.010000000000000009 -0.03
-0.1 -0.1 0.07 -0.010000000000000009 -0.020000000000000004
-0.1 -0.1 0.07 -0.010000000000000009 0.01999999999999999
-0.1 -0.1 0.07 -0.010000000000000009 0.06
-0.1 -0.1 0.07 -0.010000000000000009 0.07
-0.1 -0.1 0.07 -0.010000000000000009 0.07999999999999999
-0.1 -0.1 0.07 0.0 -0.07
-0.1 -0.1 0.07 0.0 -0.04000000000000001
-0.1 -0.1 0.07 0.0 -0.020000000000000004
-0.1 -0.1 0.07 0.0 -0.010000000000000009
-0.1 -0.1 0.07 0.0 0.01999999999999999
-0.1 -0.1 0.07 0.0 0.04000000000000001
-0.1 -0.1 0.07 0.0 0.1
-0.1 -0.1 0.07 0.009999999999999995 -0.08
-0.1 -0.1 0.07 0.009999999999999995 -0.05
-0.1 -0.1 0.07 0.009999999999999995 0.0
-0.1 -0.1 0.07 0.009999999999999995 0.009999999999999995
-0.1 -0.1 0.07 0.009999999999999995 0.07
-0.1 -0.1 0.07 0.009999999999999995 0.1
-0.1 -0.1 0.07 0.01999999999999999 0.0
-0.1 -0.1 0.07 0.01999999999999999 0.009999999999999995
-0.1 -0.1 0.07 0.01999999999999999 0.03
-0.1 -0.1 0.07 0.01999999999999999 0.04999999999999999
-0.1 -0.1 0.07 0.01999999999999999 0.06
-0.1 -0.1 0.07 0.01999999999999999 0.07999999999999999
-0.1 -0.1 0.07 0.03 -0.09000000000000001
-0.1 -0.1 0.07 0.03 -0.010000000000000009
-0.1 -0.1 0.07 0.03 0.01999999999999999
-0.1 -0.1 0.07999999999999999 -0.09000000000000001 0.03
-0.1 -0.1 0.07999999999999999 -0.07 0.07999999999999999
-0.1 -0.1 0.07999999999999999 -0.060000000000000005 0.06
-0.1 -0.1 0.07999999999999999 -0.05 0.03
-0.1 -0.1 0.07999999999999999 -0.05 0.04000000000000001
-0.1 -0.1 0.07999999999999999 -0.05 0.04999999999999999
-0.1 -0.1 0.07999999999999999 -0.04000000000000001 -0.09000000000000001
-0.1 -0.1 0.07999999999999999 -0.04000000000000001 -0.08
-0.1 -0.1 0.07999999999999999 -0.04000000000000001 -0.04000000000000001
-0.1 -0.1 0.07999999999999999 -0.04000000000000001 0.009999999999999995
-0.1 -0.1 0.07999999999999999 -0.03 -0.09000000000000001
-0.1 -0.1 0.07999999999999999 -0.03 -0.05
-0.1 -0.1 0.07999999999999999 -0.03 -0.04000000000000001
-0.1 -0.1 0.07999999999999999 -0.03 0.04999999999999999
-0.1 -0.1 0.07999999999999999 -0.03 0.1
-0.1 -0.1 0.07999999999999999 -0.020000000000000004 -0.07
-0.1 -0.1 0.07999999999999999 -0.020000000000000004 -0.05
-0.1 -0.1 0.07999999999999999 -0.020000000000000004 -0.020000000000000004
-0.1 -0.1 0.07999999999999999 -0.020000000000000004 -0.010000000000000009
-0.1 -0.1 0.07999999999999999 -0.020000000000000004 0.1
-0.1 -0.1 0.07999999999999999 -0.010000000000000009 -0.09000000000000001
-0.1 -0.1 0.07999999999999999 -0.010000000000000009 -0.060000000000000005
-0.1 -0.1 0.07999999999999999 -0.010000000000000009 -0.05
-0.1 -0.1 0.07999999999999999 -0.010000000000000009 0.009999999999999995
-0.1 -0.1 0.07999999999999999 -0.010000000000000009 0.04999999999999999
-0.1 -0.1 0.07999999999999999 -0.010000000000000009 0.06
-0.1 -0.1 0.07999999999999999 -0.010000000000000009 0.07999999999999999
-0.1 -0.1 0.07999999999999999 -0.010000000000000009 0.09
-0.1 -0.1 0.07999999999999999 0.0 -0.020000000000000004
-0.1 -0.1 0.07999999999999999 0.0 -0.010000000000000009
-0.1 -0.1 0.07999999999999999 0.0 0.01999999999999999
-0.1 -0.1 0.07999999999999999 0.0 0.03
-0.1 -0.1 0.07999999999999999 0.0 0.06
-0.1 -0.1 0.07999999999999999 0.0 0.09
-0.1 -0.1 0.07999999999999999 0.0 0.1
-0.1 -0.1 0.07999999999999999 0.009999999999999995 -0.1
-0.1 -0.1 0.07999999999999999 0.009999999999999995 -0.08
-0.1 -0.1 0.07999999999999999 0.009999999999999995 -0.03
-0.1 -0.1 0.07999999999999999 0.009999999999999995 0.01999999999999999
-0.1 -0.1 0.07999999999999999 0.009999999999999995 0.04000000000000001
-0.1 -0.1 0.07999999999999999 0.009999999999999995 0.04999999999999999
-0.1 -0.1 0.07999999999999999 0.009999999999999995 0.06
-0.1 -0.1 0.07999999999999999 0.009999999999999995 0.09
-0.1 -0.1 0.07999999999999999 0.01999999999999999 -0.07
-0.1 -0.1 0.07999999999999999 0.01999999999999999 -0.020000000000000004
-0.1 -0.1 0.07999999999999999 0.01999999999999999 0.06
-0.1 -0.1 0.07999999999999999 0.01999999999999999 0.07
-0.1 -0.1 0.07999999999999999 0.01999999999999999 0.07999999999999999
-0.1 -0.1 0.07999999999999999 0.01999999999999999 0.09
-0.1 -0.1 0.07999999999999999 0.03 -0.04000000000000001
-0.1 -0.1 0.07999999999999999 0.03 -0.010000000000000009
-0.1 -0.1 0.07999999999999999 0.03 0.1
-0.1 -0.1 0.07999999999999999 0.04000000000000001 -0.010000000000000009
-0.1 -0.1 0.07999999999999999 0.04999999999999999 0.01999999999999999
-0.1 -0.1 0.09 -0.07 0.04000000000000001
-0.1 -0.1 0.09 -0.060000000000000005 0.09
-0.1 -0.1 0.09 -0.05 -0.03
-0.1 -0.1 0.09 -0.05 -0.020000000000000004
-0.1 -0.1 0.09 -0.05 0.01999999999999999
-0.1 -0.1 0.09 -0.05 0.04999999999999999
-0.1 -0.1 0.09 -0.04000000000000001 -0.03
-0.1 -0.1 0.09 -0.04000000000000001 -0.010000000000000009
-0.1 -0.1 0.09 -0.04000000000000001 0.04000000000000001
-0.1 -0.1 0.09 -0.04000000000000001 0.07999999999999999
-0.1 -0.1 0.09 -0.04000000000000001 0.1
-0.1 -0.1 0.09 -0.03 -0.05
-0.1 -0.1 0.09 -0.03 -0.03
-0.1 -0.1 0.09 -0.03 -0.020000000000000004
-0.1 -0.1 0.09 -0.03 0.09
-0.1 -0.1 0.09 -0.03 0.1
-0.1 -0.1 0.09 -0.020000000000000004 -0.1
-0.1 -0.1 0.09 -0.020000000000000004 -0.010000000000000009
-0.1 -0.1 0.09 -0.020000000000000004 0.0
-0.1 -0.1 0.09 -0.020000000000000004 0.009999999999999995
-0.1 -0.1 0.09 -0.020000000000000004 0.1
-0.1 -0.1 0.09 -0.010000000000000009 -0.09000000000000001
-0.1 -0.1 0.09 -0.010000000000000009 -0.08
-0.1 -0.1 0.09 -0.010000000000000009 -0.07
-0.1 -0.1 0.09 -0.010000000000000009 -0.05
-0.1 -0.1 0.09 -0.010000000000000009 -0.04000000000000001
-0.1 -0.1 0.09 -0.010000000000000009 -0.03
-0.1 -0.1 0.09 -0.010000000000000009 -0.020000000000000004
-0.1 -0.1 0.09 -0.010000000000000009 0.009999999999999995
-0.1 -0.1 0.09 -0.010000000000000009 0.04999999999999999
-0.1 -0.1 0.09 0.0 -0.060000000000000005
-0.1 -0.1 0.09 0.0 -0.020000000000000004
-0.1 -0.1 0.09 0.0 0.0
-0.1 -0.1 0.09 0.0 0.009999999999999995
-0.1 -0.1 0.09 0.0 0.04000000000000001
-0.1 -0.1 0.09 0.0 0.04999999999999999
-0.1 -0.1 0.09 0.0 0.06
-0.1 -0.1 0.09 0.0 0.07
-0.1 -0.1 0.09 0.0 0.07999999999999999
-0.1 -0.1 0.09 0.0 0.1
-0.1 -0.1 0.09 0.009999999999999995 -0.08
-0.1 -0.1 0.09 0.009999999999999995 -0.07
-0.1 -0.1 0.09 0.009999999999999995 -0.04000000000000001
-0.1 -0.1 0.09 0.009999999999999995 -0.020000000000000004
-0.1 -0.1 0.09 0.009999999999999995 -0.010000000000000009
-0.1 -0.1 0.09 0.009999999999999995 0.03
-0.1 -0.1 0.09 0.01999999999999999 -0.1
-0.1 -0.1 0.09 0.01999999999999999 -0.04000000000000001
-0.1 -0.1 0.09 0.01999999999999999 -0.010000000000000009
-0.1 -0.1 0.09 0.01999999999999999 0.01999999999999999
-0.1 -0.1 0.09 0.01999999999999999 0.03
-0.1 -0.1 0.09 0.01999999999999999 0.04000000000000001
-0.1 -0.1 0.09 0.01999999999999999 0.04999999999999999
-0.1 -0.1 0.09 0.01999999999999999 0.07
-0.1 -0.1 0.09 0.03 -0.08
-0.1 -0.1 0.09 0.03 0.01999999999999999
-0.1 -0.1 0.09 0.03 0.04000000000000001
-0.1 -0.1 0.09 0.03 0.04999999999999999
-0.1 -0.1 0.09 0.03 0.06
-0.1 -0.1 0.09 0.03 0.07999999999999999
-0.1 -0.1 0.09 0.04000000000000001 -0.05
-0.1 -0.1 0.1 -0.07 0.09
-0.1 -0.1 0.1 -0.07 0.1
-0.1 -0.1 0.1 -0.060000000000000005 0.06
-0.1 -0.1 0.1 -0.05 -0.05
-0.1 -0.1 0.1 -0.05 0.0
-0.1 -0.1 0.1 -0.05 0.07
-0.1 -0.1 0.1 -0.04000000000000001 -0.09000000000000001
-0.1 -0.1 0.1 -0.04000000000000001 0.0
-0.1 -0.1 0.1 -0.04000000000000001 0.009999999999999995
-0.1 -0.1 0.1 -0.04000000000000001 0.01999999999999999
-0.1 -0.1 0.1 -0.04000000000000001 0.07999999999999999
-0.1 -0.1 0.1 -0.04000000000000001 0.1
-0.1 -0.1 0.1 -0.03 -0.060000000000000005
-0.1 -0.1 0.1 -0.03 -0.05
-0.1 -0.1 0.1 -0.03 -0.03
-0.1 -0.1 0.1 -0.03 -0.020000000000000004
-0.1 -0.1 0.1 -0.03 0.0
-0.1 -0.1 0.1 -0.03 0.009999999999999995
-0.1 -0.1 0.1 -0.03 0.01999999999999999
-0.1 -0.1 0.1 -0.03 0.04999999999999999
-0.1 -0.1 0.1 -0.03 0.1
-0.1 -0.1 0.1 -0.020000000000000004 -0.09000000000000001
-0.1 -0.1 0.1 -0.020000000000000004 -0.060000000000000005
-0.1 -0.1 0.1 -0.020000000000000004 -0.05
-0.1 -0.1 0.1 -0.020000000000000004 -0.04000000000000001
-0.1 -0.1 0.1 -0.020000000000000004 -0.03
-0.1 -0.1 0.1 -0.020000000000000004 -0.020000000000000004
-0.1 -0.1 0.1 -0.020000000000000004 0.01999999999999999
-0.1 -0.1 0.1 -0.020000000000000004 0.03
-0.1 -0.1 0.1 -0.020000000000000004 0.04999999999999999
-0.1 -0.1 0.1 -0.020000000000000004 0.06
-0.1 -0.1 0.1 -0.020000000000000004 0.1
-0.1 -0.1 0.1 -0.010000000000000009 -0.09000000000000001
-0.1 -0.1 0.1 -0.010000000000000009 -0.07
-0.1 -0.1 0.1 -0.010000000000000009 -0.05
-0.1 -0.1 0.1 -0.010000000000000009 -0.03
-0.1 -0.1 0.1 -0.010000000000000009 -0.020000000000000004
-0.1 -0.1 0.1 -0.010000000000000009 -0.010000000000000009
-0.1 -0.1 0.1 -0.010000000000000009 0.0
-0.1 -0.1 0.1 -0.010000000000000009 0.009999999999999995
-0.1 -0.1 0.1 -0.010000000000000009 0.01999999999999999
-0.1 -0.1 0.1 -0.010000000000000009 0.03
-0.1 -0.1 0.1 -0.010000000000000009 0.04000000000000001
-0.1 -0.1 0.1 -0.010000000000000009 0.04999999999999999
-0.1 -0.1 0.1 -0.010000000000000009 0.06
-0.1 -0.1 0.1 -0.010000000000000009 0.07999999999999999
-0.1 -0.1 0.1 -0.010000000000000009 0.1
-0.1 -0.1 0.1 0.0 -0.1
-0.1 -0.1 0.1 0.0 -0.07
-0.1 -0.1 0.1 0.0 -0.05
-0.1 -0.1 0.1 0.0 -0.04000000000000001
-0.1 -0.1 0.1 0.0 -0.03
-0.1 -0.1 0.1 0.0 -0.020000000000000004
-0.1 -0.1 0.1 0.0 -0.010000000000000009
-0.1 -0.1 0.1 0.0 0.0
-0.1 -0.1 0.1 0.0 0.009999999999999995
-0.1 -0.1 0.1 0.0 0.01999999999999999
-0.1 -0.1 0.1 0.0 0.03
-0.1 -0.1 0.1 0.0 0.04000000000000001
-0.1 -0.1 0.1 0.0 0.04999999999999999
-0.1 -0.1 0.1 0.0 0.07
-0.1 -0.1 0.1 0.0 0.07999999999999999
-0.1 -0.1 0.1 0.0 0.09
-0.1 -0.1 0.1 0.009999999999999995 -0.1
-0.1 -0.1 0.1 0.009999999999999995 -0.09000000000000001
-0.1 -0.1 0.1 0.009999999999999995 -0.08
-0.1 -0.1 0.1 0.009999999999999995 -0.07
-0.1 -0.1 0.1 0.009999999999999995 -0.060000000000000005
-0.1 -0.1 0.1 0.009999999999999995 -0.04000000000000001
-0.1 -0.1 0.1 0.009999999999999995 -0.020000000000000004
-0.1 -0.1 0.1 0.009999999999999995 -0.010000000000000009
-0.1 -0.1 0.1 0.009999999999999995 0.009999999999999995
-0.1 -0.1 0.1 0.009999999999999995 0.01999999999999999
-0.1 -0.1 0.1 0.009999999999999995 0.03
-0.1 -0.1 0.1 0.009999999999999995 0.04999999999999999
-0.1 -0.1 0.1 0.009999999999999995 0.06
-0.1 -0.1 0.1 0.009999999999999995 0.1
-0.1 -0.1 0.1 0.01999999999999999 -0.04000000000000001
-0.1 -0.1 0.1 0.01999999999999999 -0.03
-0.1 -0.1 0.1 0.01999999999999999 -0.020000000000000004
-0.1 -0.1 0.1 0.01999999999999999 0.009999999999999995
-0.1 -0.1 0.1 0.01999999999999999 0.01999999999999999
-0.1 -0.1 0.1 0.01999999999999999 0.03
-0.1 -0.1 0.1 0.01999999999999999 0.04000000000000001
-0.1 -0.1 0.1 0.01999999999999999 0.04999999999999999
-0.1 -0.1 0.1 0.01999999999999999 0.06
-0.1 -0.1 0.1 0.01999999999999999 0.07
-0.1 -0.1 0.1 0.01999999999999999 0.09
-0.1 -0.1 0.1 0.03 -0.010000000000000009
-0.1 -0.1 0.1 0.04000000000000001 0.01999999999999999
-0.1 -0.1 0.1 0.04000000000000001 0.1
-0.1 -0.1 0.1 0.04999999999999999 -0.07
-0.1 -0.1 0.1 0.06 -0.05
-0.1 -0.1 0.1 0.07 -0.020000000000000004
-0.1 -0.09000000000000001 0.009999999999999995 -0.020000000000000004 0.04999999999999999
-0.1 -0.09000000000000001 0.01999999999999999 -0.04000000000000001 -0.05
-0.1 -0.09000000000000001 0.01999999999999999 -0.03 0.1
-0.1 -0.09000000000000001 0.01999999999999999 0.0 -0.09000000000000001
-0.1 -0.09000000000000001 0.03 -0.05 -0.09000000000000001
-0.1 -0.09000000000000001 0.03 -0.04000000000000001 -0.03
-0.1 -0.09000000000000001 0.03 0.009999999999999995 -0.060000000000000005
-0.1 -0.09000000000000001 0.04000000000000001 -0.04000000000000001 0.07999999999999999
-0.1 -0.09000000000000001 0.04000000000000001 -0.03 0.01999999999999999
-0.1 -0.09000000000000001 0.04000000000000001 -0.020000000000000004 -0.07
-0.1 -0.09000000000000001 0.04000000000000001 -0.020000000000000004 0.009999999999999995
-0.1 -0.09000000000000001 0.04000000000000001 -0.020000000000000004 0.03
-0.1 -0.09000000000000001 0.04000000000000001 -0.010000000000000009 -0.09000000000000001
-0.1 -0.09000000000000001 0.04000000000000001 -0.010000000000000009 -0.08
-0.1 -0.09000000000000001 0.04000000000000001 -0.010000000000000009 -0.060000000000000005
-0.1 -0.09000000000000001 0.04000000000000001 -0.010000000000000009 0.03
-0.1 -0.09000000000000001 0.04000000000000001 -0.010000000000000009 0.07
-0.1 -0.09000000000000001 0.04000000000000001 0.009999999999999995 -0.07
-0.1 -0.09000000000000001 0.04000000000000001 0.009999999999999995 -0.060000000000000005
-0.1 -0.09000000000000001 0.04000000000000001 0.01999999999999999 0.03
-0.1 -0.09000000000000001 0.04999999999999999 -0.04000000000000001 0.04999999999999999
-0.1 -0.09000000000000001 0.04999999999999999 -0.03 -0.03
-0.1 -0.09000000000000001 0.04999999999999999 -0.03 0.0
-0.1 -0.09000000000000001 0.04999999999999999 -0.020000000000000004 0.009999999999999995
-0.1 -0.09000000000000001 0.04999999999999999 -0.020000000000000004 0.04999999999999999
-0.1 -0.09000000000000001 0.04999999999999999 -0.020000000000000004 0.06
-0.1 -0.09000000000000001 0.04999999999999999 -0.010000000000000009 0.07999999999999999
-0.1 -0.09000000000000001 0.04999999999999999 -0.010000000000000009 0.09
-0.1 -0.09000000000000001 0.04999999999999999 -0.010000000000000009 0.1
-0.1 -0.09000000000000001 0.04999999999999999 0.0 0.07
-0.1 -0.09000000000000001 0.04999999999999999 0.009999999999999995 -0.04000000000000001
-0.1 -0.09000000000000001 0.04999999999999999 0.009999999999999995 -0.020000000000000004
-0.1 -0.09000000000000001 0.04999999999999999 0.009999999999999995 0.0
-0.1 -0.09000000000000001 0.04999999999999999 0.009999999999999995 0.009999999999999995
-0.1 -0.09000000000000001 0.04999999999999999 0.009999999999999995 0.06
-0.1 -0.09000000000000001 0.04999999999999999 0.009999999999999995 0.09
-0.1 -0.09000000000000001 0.04999999999999999 0.009999999999999995 0.1
-0.1 -0.09000000000000001 0.04999999999999999 0.03 0.03
-0.1 -0.09000000000000001 0.04999999999999999 0.03 0.06
-0.1 -0.09000000000000001 0.04999999999999999 0.04000000000000001 0.04000000000000001
-0.1 -0.09000000000000001 0.06 -0.07 -0.04000000000000001
-0.1 -0.09000000000000001 0.06 -0.05 -0.05
-0.1 -0.09000000000000001 0.06 -0.05 -0.010000000000000009
-0.1 -0.09000000000000001 0.06 -0.05 0.04999999999999999
-0.1 -0.09000000000000001 0.06 -0.04000000000000001 -0.020000000000000004
-0.1 -0.09000000000000001 0.06 -0.04000000000000001 -0.010000000000000009
-0.1 -0.09000000000000001 0.06 -0.04000000000000001 0.01999999999999999
-0.1 -0.09000000000000001 0.06 -0.04000000000000001 0.1
-0.1 -0.09000000000000001 0.06 -0.03 -0.020000000000000004
-0.1 -0.09000000000000001 0.06 -0.03 0.01999999999999999
-0.1 -0.09000000000000001 0.06 -0.020000000000000004 0.009999999999999995
-0.1 -0.09000000000000001 0.06 -0.020000000000000004 0.01999999999999999
-0.1 -0.09000000000000001 0.06 -0.020000000000000004 0.04000000000000001
-0.1 -0.09000000000000001 0.06 -0.010000000000000009 -0.1
-0.1 -0.09000000000000001 0.06 -0.010000000000000009 0.0
-0.1 -0.09000000000000001 0.06 -0.010000000000000009 0.07
-0.1 -0.09000000000000001 0.06 -0.010000000000000009 0.09
-0.1 -0.09000000000000001 0.06 0.0 -0.09000000000000001
-0.1 -0.09000000000000001 0.06 0.009999999999999995 -0.09000000000000001
-0.1 -0.09000000000000001 0.06 0.009999999999999995 -0.08
-0.1 -0.09000000000000001 0.06 0.009999999999999995 0.009999999999999995
-0.1 -0.09000000000000001 0.06 0.009999999999999995 0.01999999999999999
-0.1 -0.09000000000000001 0.06 0.009999999999999995 0.04999999999999999
-0.1 -0.09000000000000001 0.06 0.009999999999999995 0.06
-0.1 -0.09000000000000001 0.06 0.009999999999999995 0.07999999999999999
-0.1 -0.09000000000000001 0.06 0.009999999999999995 0.09
-0.1 -0.09000000000000001 0.06 0.03 -0.09000000000000001
-0.1 -0.09000000000000001 0.06 0.03 -0.03
-0.1 -0.09000000000000001 0.06 0.03 -0.020000000000000004
-0.1 -0.09000000000000001 0.06 0.03 0.0
-0.1 -0.09000000000000001 0.06 0.04000000000000001 0.009999999999999995
-0.1 -0.09000000000000001 0.06 0.04999999999999999 -0.08
-0.1 -0.09000000000000001 0.07 -0.07 0.01999999999999999
-0.1 -0.09000000000000001 0.07 -0.05 -0.020000000000000004
-0.1 -0.09000000000000001 0.07 -0.05 0.04000000000000001
-0.1 -0.09000000000000001 0.07 -0.05 0.1
-0.1 -0.09000000000000001 0.07 -0.04000000000000001 0.009999999999999995
-0.1 -0.09000000000000001 0.07 -0.04000000000000001 0.04000000000000001
-0.1 -0.09000000000000001 0.07 -0.03 -0.1
-0.1 -0.09000000000000001 0.07 -0.03 -0.09000000000000001
-0.1 -0.09000000000000001 0.07 -0.03 -0.060000000000000005
-0.1 -0.09000000000000001 0.07 -0.03 -0.010000000000000009
-0.1 -0.09000000000000001 0.07 -0.020000000000000004 -0.1
-0.1 -0.09000000000000001 0.07 -0.020000000000000004 -0.020000000000000004
-0.1 -0.09000000000000001 0.07 -0.020000000000000004 -0.010000000000000009
-0.1 -0.09000000000000001 0.07 -0.020000000000000004 0.04000000000000001
-0.1 -0.09000000000000001 0.07 -0.020000000000000004 0.04999999999999999
-0.1 -0.09000000000000001 0.07 -0.010000000000000009 -0.1
-0.1 -0.09000000000000001 0.07 -0.010000000000000009 -0.08
-0.1 -0.09000000000000001 0.07 -0.010000000000000009 -0.07
-0.1 -0.09000000000000001 0.07 -0.010000000000000009 -0.05
-0.1 -0.09000000000000001 0.07 -0.010000000000000009 -0.03
-0.1 -0.09000000000000001 0.07 -0.010000000000000009 -0.020000000000000004
-0.1 -0.09000000000000001 0.07 -0.010000000000000009 0.0
-0.1 -0.09000000000000001 0.07 -0.010000000000000009 0.04999999999999999
-0.1 -0.09000000000000001 0.07 -0.010000000000000009 0.06
-0.1 -0.09000000000000001 0.07 0.0 -0.1
-0.1 -0.09000000000000001 0.07 0.0 -0.09000000000000001
-0.1 -0.09000000000000001 0.07 0.0 -0.04000000000000001
-0.1 -0.09000000000000001 0.07 0.0 -0.03
-0.1 -0.09000000000000001 0.07 0.0 -0.010000000000000009
-0.1 -0.09000000000000001 0.07 0.0 0.04000000000000001
-0.1 -0.09000000000000001 0.07 0.009999999999999995 -0.060000000000000005
-0.1 -0.09000000000000001 0.07 0.009999999999999995 -0.04000000000000001
-0.1 -0.09000000000000001 0.07 0.009999999999999995 0.03
-0.1 -0.09000000000000001 0.07 0.009999999999999995 0.04999999999999999
-0.1 -0.09000000000000001 0.07 0.009999999999999995 0.06
-0.1 -0.09000000000000001 0.07 0.009999999999999995 0.07999999999999999
-0.1 -0.09000000000000001 0.07 0.009999999999999995 0.1
-0.1 -0.09000000000000001 0.07 0.01999999999999999 -0.05
-0.1 -0.09000000000000001 0.07 0.01999999999999999 -0.04000000000000001
-0.1 -0.09000000000000001 0.07 0.01999999999999999 0.0
-0.1 -0.09000000000000001 0.07 0.01999999999999999 0.01999999999999999
-0.1 -0.09000000000000001 0.07 0.01999999999999999 0.03
-0.1 -0.09000000000000001 0.07 0.01999999999999999 0.1
-0.1 -0.09000000000000001 0.07 0.03 0.0
-0.1 -0.09000000000000001 0.07 0.03 0.03
-0.1 -0.09000000000000001 0.07 0.04000000000000001 -0.060000000000000005
-0.1 -0.09000000000000001 0.07 0.04000000000000001 0.01999999999999999
-0.1 -0.09000000000000001 0.07999999999999999 -0.08 0.09
-0.1 -0.09000000000000001 0.07999999999999999 -0.07 0.1
-0.1 -0.09000000000000001 0.07999999999999999 -0.060000000000000005 -0.03
-0.1 -0.09000000000000001 0.07999999999999999 -0.060000000000000005 -0.010000000000000009
-0.1 -0.09000000000000001 0.07999999999999999 -0.060000000000000005 0.0
-0.1 -0.09000000000000001 0.07999999999999999 -0.060000000000000005 0.01999999999999999
-0.1 -0.09000000000000001 0.07999999999999999 -0.05 -0.03
-0.1 -0.09000000000000001 0.07999999999999999 -0.05 0.01999999999999999
-0.1 -0.09000000000000001 0.07999999999999999 -0.05 0.04000000000000001
-0.1 -0.09000000000000001 0.07999999999999999 -0.04000000000000001 -0.09000000000000001
-0.1 -0.09000000000000001 0.07999999999999999 -0.04000000000000001 -0.08
-0.1 -0.09000000000000001 0.07999999999999999 -0.04000000000000001 -0.07
-0.1 -0.09000000000000001 0.07999999999999999 -0.04000000000000001 -0.060000000000000005
-0.1 -0.09000000000000001 0.07999999999999999 -0.04000000000000001 -0.03
-0.1 -0.09000000000000001 0.07999999999999999 -0.04000000000000001 -0.010000000000000009
-0.1 -0.09000000000000001 0.07999999999999999 -0.04000000000000001 0.07
-0.1 -0.09000000000000001 0.07999999999999999 -0.03 -0.1
-0.1 -0.09000000000000001 0.07999999999999999 -0.03 0.0
-0.1 -0.09000000000000001 0.07999999999999999 -0.03 0.07
-0.1 -0.09000000000000001 0.07999999999999999 -0.03 0.07999999999999999
-0.1 -0.09000000000000001 0.07999999999999999 -0.020000000000000004 -0.1
-0.1 -0.09000000000000001 0.07999999999999999 -0.020000000000000004 -0.09000000000000001
-0.1 -0.09000000000000001 0.07999999999999999 -0.020000000000000004 -0.08
-0.1 -0.09000000000000001 0.07999999999999999 -0.020000000000000004 -0.060000000000000005
-0.1 -0.09000000000000001 0.07999999999999999 -0.020000000000000004 -0.05
-0.1 -0.09000000000000001 0.07999999999999999 -0.020000000000000004 0.04999999999999999
-0.1 -0.09000000000000001 0.07999999999999999 -0.020000000000000004 0.07
-0.1 -0.09000000000000001 0.07999999999999999 -0.010000000000000009 -0.09000000000000001
-0.1 -0.09000000000000001 0.07999999999999999 -0.010000000000000009 -0.08
-0.1 -0.09000000000000001 0.07999999999999999 -0.010000000000000009 -0.07
-0.1 -0.09000000000000001 0.07999999999999999 -0.010000000000000009 -0.05
-0.1 -0.09000000000000001 0.07999999999999999 -0.010000000000000009 -0.010000000000000009
-0.1 -0.09000000000000001 0.07999999999999999 -0.010000000000000009 0.009999999999999995
-0.1 -0.09000000000000001 0.07999999999999999 -0.010000000000000009 0.01999999999999999
-0.1 -0.09000000000000001 0.07999999999999999 -0.010000000000000009 0.03
-0.1 -0.09000000000000001 0.07999999999999999 -0.010000000000000009 0.04000000000000001
-0.1 -0.09000000000000001 0.07999999999999999 -0.010000000000000009 0.04999999999999999
-0.1 -0.09000000000000001 0.07999999999999999 -0.010000000000000009 0.07
-0.1 -0.09000000000000001 0.07999999999999999 -0.010000000000000009 0.09
-0.1 -0.09000000000000001 0.07999999999999999 -0.010000000000000009 0.1
-0.1 -0.09000000000000001 0.07999999999999999 0.0 -0.060000000000000005
-0.1 -0.09000000000000001 0.07999999999999999 0.0 -0.04000000000000001
-0.1 -0.09000000000000001 0.07999999999999999 0.0 -0.010000000000000009
-0.1 -0.09000000000000001 0.07999999999999999 0.0 0.009999999999999995
-0.1 -0.09000000000000001 0.07999999999999999 0.0 0.04999999999999999
-0.1 -0.09000000000000001 0.07999999999999999 0.0 0.07
-0.1 -0.09000000000000001 0.07999999999999999 0.0 0.07999999999999999
-0.1 -0.09000000000000001 0.07999999999999999 0.009999999999999995 -0.09000000000000001
-0.1 -0.09000000000000001 0.07999999999999999 0.009999999999999995 -0.08
-0.1 -0.09000000000000001 0.07999999999999999 0.009999999999999995 -0.07
-0.1 -0.09000000000000001 0.07999999999999999 0.009999999999999995 -0.060000000000000005
-0.1 -0.09000000000000001 0.07999999999999999 0.009999999999999995 -0.04000000000000001
-0.1 -0.09000000000000001 0.07999999999999999 0.009999999999999995 0.0
-0.1 -0.09000000000000001 0.07999999999999999 0.009999999999999995 0.04000000000000001
-0.1 -0.09000000000000001 0.07999999999999999 0.009999999999999995 0.04999999999999999
-0.1 -0.09000000000000001 0.07999999999999999 0.009999999999999995 0.1
-0.1 -0.09000000000000001 0.07999999999999999 0.01999999999999999 -0.08
-0.1 -0.09000000000000001 0.07999999999999999 0.01999999999999999 -0.07
-0.1 -0.09000000000000001 0.07999999999999999 0.01999999999999999 -0.03
-0.1 -0.09000000000000001 0.07999999999999999 0.01999999999999999 0.04000000000000001
-0.1 -0.09000000000000001 0.07999999999999999 0.01999999999999999 0.04999999999999999
-0.1 -0.09000000000000001 0.07999999999999999 0.01999999999999999 0.06
-0.1 -0.09000000000000001 0.07999999999999999 0.01999999999999999 0.07
-0.1 -0.09000000000000001 0.07999999999999999 0.01999999999999999 0.07999999999999999
-0.1 -0.09000000000000001 0.07999999999999999 0.03 -0.07
-0.1 -0.09000000000000001 0.07999999999999999 0.03 -0.060000000000000005
-0.1 -0.09000000000000001 0.07999999999999999 0.03 -0.03
-0.1 -0.09000000000000001 0.07999999999999999 0.03 -0.020000000000000004
-0.1 -0.09000000000000001 0.07999999999999999 0.04000000000000001 -0.1
-0.1 -0.09000000000000001 0.07999999999999999 0.04000000000000001 -0.010000000000000009
-0.1 -0.09000000000000001 0.07999999999999999 0.04000000000000001 0.0
-0.1 -0.09000000000000001 0.09 -0.07 0.04999999999999999
-0.1 -0.09000000000000001 0.09 -0.060000000000000005 0.03
-0.1 -0.09000000000000001 0.09 -0.060000000000000005 0.07999999999999999
-0.1 -0.09000000000000001 0.09 -0.05 -0.03
-0.1 -0.09000000000000001 0.09 -0.05 0.04000000000000001
-0.1 -0.09000000000000001 0.09 -0.04000000000000001 -0.010000000000000009
-0.1 -0.09000000000000001 0.09 -0.04000000000000001 0.01999999999999999
-0.1 -0.09000000000000001 0.09 -0.04000000000000001 0.04000000000000001
-0.1 -0.09000000000000001 0.09 -0.04000000000000001 0.06
-0.1 -0.09000000000000001 0.09 -0.04000000000000001 0.07999999999999999
-0.1 -0.09000000000000001 0.09 -0.03 -0.1
-0.1 -0.09000000000000001 0.09 -0.03 -0.05
-0.1 -0.09000000000000001 0.09 -0.03 0.0
-0.1 -0.09000000000000001 0.09 -0.03 0.009999999999999995
-0.1 -0.09000000000000001 0.09 -0.03 0.01999999999999999
-0.1 -0.09000000000000001 0.09 -0.03 0.03
-0.1 -0.09000000000000001 0.09 -0.03 0.06
-0.1 -0.09000000000000001 0.09 -0.03 0.09
-0.1 -0.09000000000000001 0.09 -0.03 0.1
-0.1 -0.09000000000000001 0.09 -0.020000000000000004 -0.1
-0.1 -0.09000000000000001 0.09 -0.020000000000000004 -0.060000000000000005
-0.1 -0.09000000000000001 0.09 -0.020000000000000004 -0.05
-0.1 -0.09000000000000001 0.09 -0.020000000000000004 -0.04000000000000001
-0.1 -0.09000000000000001 0.09 -0.020000000000000004 -0.03
-0.1 -0.09000000000000001 0.09 -0.020000000000000004 -0.010000000000000009
-0.1 -0.09000000000000001 0.09 -0.020000000000000004 0.0
-0.1 -0.09000000000000001 0.09 -0.020000000000000004 0.04000000000000001
-0.1 -0.09000000000000001 0.09 -0.020000000000000004 0.09
-0.1 -0.09000000000000001 0.09 -0.010000000000000009 -0.1
-0.1 -0.09000000000000001 0.09 -0.010000000000000009 -0.09000000000000001
-0.1 -0.09000000000000001 0.09 -0.010000000000000009 -0.08
-0.1 -0.09000000000000001 0.09 -0.010000000000000009 -0.03
-0.1 -0.09000000000000001 0.09 -0.010000000000000009 -0.020000000000000004
-0.1 -0.09000000000000001 0.09 -0.010000000000000009 0.0
-0.1 -0.09000000000000001 0.09 -0.010000000000000009 0.01999999999999999
-0.1 -0.09000000000000001 0.09 -0.010000000000000009 0.03
-0.1 -0.09000000000000001 0.09 -0.010000000000000009 0.1
-0.1 -0.09000000000000001 0.09 0.0 -0.07
-0.1 -0.09000000000000001 0.09 0.0 -0.010000000000000009
-0.1 -0.09000000000000001 0.09 0.0 0.009999999999999995
-0.1 -0.09000000000000001 0.09 0.0 0.04999999999999999
-0.1 -0.09000000000000001 0.09 0.0 0.07999999999999999
-0.1 -0.09000000000000001 0.09 0.0 0.09
-0.1 -0.09000000000000001 0.09 0.009999999999999995 -0.060000000000000005
-0.1 -0.09000000000000001 0.09 0.009999999999999995 -0.05
-0.1 -0.09000000000000001 0.09 0.009999999999999995 -0.04000000000000001
-0.1 -0.09000000000000001 0.09 0.009999999999999995 -0.020000000000000004
-0.1 -0.09000000000000001 0.09 0.009999999999999995 0.0
-0.1 -0.09000000000000001 0.09 0.009999999999999995 0.009999999999999995
-0.1 -0.09000000000000001 0.09 0.009999999999999995 0.03
-0.1 -0.09000000000000001 0.09 0.009999999999999995 0.1
-0.1 -0.09000000000000001 0.09 0.01999999999999999 -0.07
-0.1 -0.09000000000000001 0.09 0.01999999999999999 -0.04000000000000001
-0.1 -0.09000000000000001 0.09 0.01999999999999999 0.0
-0.1 -0.09000000000000001 0.09 0.01999999999999999 0.009999999999999995
-0.1 -0.09000000000000001 0.09 0.01999999999999999 0.01999999999999999
-0.1 -0.09000000000000001 0.09 0.01999999999999999 0.03
-0.1 -0.09000000000000001 0.09 0.01999999999999999 0.09
-0.1 -0.09000000000000001 0.09 0.03 -0.060000000000000005
-0.1 -0.09000000000000001 0.09 0.03 -0.03
-0.1 -0.09000000000000001 0.09 0.03 -0.010000000000000009
-0.1 -0.09000000000000001 0.09 0.03 0.009999999999999995
-0.1 -0.09000000000000001 0.09 0.03 0.01999999999999999
-0.1 -0.09000000000000001 0.09 0.04000000000000001 -0.03
-0.1 -0.09000000000000001 0.09 0.04000000000000001 0.07
-0.1 -0.09000000000000001 0.09 0.04000000000000001 0.1
-0.1 -0.09000000000000001 0.1 -0.09000000000000001 0.07999999999999999
-0.1 -0.09000000000000001 0.1 -0.07 0.07
-0.1 -0.09000000000000001 0.1 -0.060000000000000005 0.09
-0.1 -0.09000000000000001 0.1 -0.060000000000000005 0.1
-0.1 -0.09000000000000001 0.1 -0.05 0.06
-0.1 -0.09000000000000001 0.1 -0.05 0.09
-0.1 -0.09000000000000001 0.1 -0.05 0.1
-0.1 -0.09000000000000001 0.1 -0.04000000000000001 -0.09000000000000001
-0.1 -0.09000000000000001 0.1 -0.04000000000000001 0.07
-0.1 -0.09000000000000001 0.1 -0.04000000000000001 0.09
-0.1 -0.09000000000000001 0.1 -0.03 -0.07
-0.1 -0.09000000000000001 0.1 -0.03 -0.060000000000000005
-0.1 -0.09000000000000001 0.1 -0.03 -0.03
-0.1 -0.09000000000000001 0.1 -0.03 -0.020000000000000004
-0.1 -0.09000000000000001 0.1 -0.03 -0.010000000000000009
-0.1 -0.09000000000000001 0.1 -0.03 0.0
-0.1 -0.09000000000000001 0.1 -0.03 0.04000000000000001
-0.1 -0.09000000000000001 0.1 -0.03 0.06
-0.1 -0.09000000000000001 0.1 -0.03 0.07
-0.1 -0.09000000000000001 0.1 -0.03 0.09
-0.1 -0.09000000000000001 0.1 -0.03 0.1
-0.1 -0.09000000000000001 0.1 -0.020000000000000004 -0.060000000000000005
-0.1 -0.09000000000000001 0.1 -0.020000000000000004 0.01999999999999999
-0.1 -0.09000000000000001 0.1 -0.020000000000000004 0.04000000000000001
-0.1 -0.09000000000000001 0.1 -0.020000000000000004 0.06
-0.1 -0.09000000000000001 0.1 -0.020000000000000004 0.09
-0.1 -0.09000000000000001 0.1 -0.020000000000000004 0.1
-0.1 -0.09000000000000001 0.1 -0.010000000000000009 -0.1
-0.1 -0.09000000000000001 0.1 -0.010000000000000009 -0.09000000000000001
-0.1 -0.09000000000000001 0.1 -0.010000000000000009 -0.08
-0.1 -0.09000000000000001 0.1 -0.010000000000000009 -0.07
-0.1 -0.09000000000000001 0.1 -0.010000000000000009 -0.060000000000000005
-0.1 -0.09000000000000001 0.1 -0.010000000000000009 -0.04000000000000001
-0.1 -0.09000000000000001 0.1 -0.010000000000000009 -0.03
-0.1 -0.09000000000000001 0.1 -0.010000000000000009 -0.020000000000000004
-0.1 -0.09000000000000001 0.1 -0.010000000000000009 -0.010000000000000009
-0.1 -0.09000000000000001 0.1 -0.010000000000000009 0.0
-0.1 -0.09000000000000001 0.1 -0.010000000000000009 0.01999999999999999
-0.1 -0.09000000000000001 0.1 -0.010000000000000009 0.03
-0.1 -0.09000000000000001 0.1 -0.010000000000000009 0.04000000000000001
-0.1 -0.09000000000000001 0.1 -0.010000000000000009 0.04999999999999999
-0.1 -0.09000000000000001 0.1 0.0 -0.08
-0.1 -0.09000000000000001 0.1 0.0 -0.07
-0.1 -0.09000000000000001 0.1 0.0 -0.05
-0.1 -0.09000000000000001 0.1 0.0 -0.020000000000000004
-0.1 -0.09000000000000001 0.1 0.0 0.0
-0.1 -0.09000000000000001 0.1 0.0 0.009999999999999995
-0.1 -0.09000000000000001 0.1 0.0 0.04999999999999999
-0.1 -0.09000000000000001 0.1 0.0 0.06
-0.1 -0.09000000000000001 0.1 0.0 0.07
-0.1 -0.09000000000000001 0.1 0.0 0.07999999999999999
-0.1 -0.09000000000000001 0.1 0.0 0.09
-0.1 -0.09000000000000001 0.1 0.0 0.1
-0.1 -0.09000000000000001 0.1 0.009999999999999995 -0.1
-0.1 -0.09000000000000001 0.1 0.009999999999999995 -0.08
-0.1 -0.09000000000000001 0.1 0.009999999999999995 -0.060000000000000005
-0.1 -0.09000000000000001 0.1 0.009999999999999995 -0.04000000000000001
-0.1 -0.09000000000000001 0.1 0.009999999999999995 -0.03
-0.1 -0.09000000000000001 0.1 0.009999999999999995 -0.020000000000000004
-0.1 -0.09000000000000001 0.1 0.009999999999999995 0.0
-0.1 -0.09000000000000001 0.1 0.009999999999999995 0.009999999999999995
-0.1 -0.09000000000000001 0.1 0.009999999999999995 0.01999999999999999
-0.1 -0.09000000000000001 0.1 0.009999999999999995 0.03
-0.1 -0.09000000000000001 0.1 0.009999999999999995 0.04999999999999999
-0.1 -0.09000000000000001 0.1 0.009999999999999995 0.07
-0.1 -0.09000000000000001 0.1 0.009999999999999995 0.07999999999999999
-0.1 -0.09000000000000001 0.1 0.01999999999999999 -0.09000000000000001
-0.1 -0.09000000000000001 0.1 0.01999999999999999 -0.05
-0.1 -0.09000000000000001 0.1 0.01999999999999999 -0.04000000000000001
-0.1 -0.09000000000000001 0.1 0.01999999999999999 0.0
-0.1 -0.09000000000000001 0.1 0.01999999999999999 0.009999999999999995
-0.1 -0.09000000000000001 0.1 0.01999999999999999 0.01999999999999999
-0.1 -0.09000000000000001 0.1 0.01999999999999999 0.03
-0.1 -0.09000000000000001 0.1 0.01999999999999999 0.04000000000000001
-0.1 -0.09000000000000001 0.1 0.01999999999999999 0.04999999999999999
-0.1 -0.09000000000000001 0.1 0.01999999999999999 0.06
-0.1 -0.09000000000000001 0.1 0.01999999999999999 0.07
-0.1 -0.09000000000000001 0.1 0.01999999999999999 0.09
-0.1 -0.09000000000000001 0.1 0.03 -0.04000000000000001
-0.1 -0.09000000000000001 0.1 0.03 -0.010000000000000009
-0.1 -0.09000000000000001 0.1 0.03 0.04000000000000001
-0.1 -0.09000000000000001 0.1 0.03 0.04999999999999999
-0.1 -0.09000000000000001 0.1 0.03 0.06
-0.1 -0.09000000000000001 0.1 0.03 0.07
-0.1 -0.09000000000000001 0.1 0.04000000000000001 -0.1
-0.1 -0.09000000000000001 0.1 0.04000000000000001 -0.09000000000000001
-0.1 -0.09000000000000001 0.1 0.04000000000000001 -0.010000000000000009
-0.1 -0.09000000000000001 0.1 0.04000000000000001 0.06
-0.1 -0.09000000000000001 0.1 0.04000000000000001 0.09
-0.1 -0.09000000000000001 0.1 0.04000000000000001 0.1
-0.1 -0.09000000000000001 0.1 0.04999999999999999 0.1
-0.1 -0.08 0.01999999999999999 0.0 -0.04000000000000001
-0.1 -0.08 0.03 -0.04000000000000001 -0.060000000000000005
-0.1 -0.08 0.03 -0.04000000000000001 -0.04000000000000001
-0.1 -0.08 0.04000000000000001 -0.07 -0.08
-0.1 -0.08 0.04000000000000001 -0.04000000000000001 -0.020000000000000004
-0.1 -0.08 0.04000000000000001 -0.04000000000000001 0.0
-0.1 -0.08 0.04000000000000001 -0.03 0.009999999999999995
-0.1 -0.08 0.04000000000000001 -0.03 0.06
-0.1 -0.08 0.04000000000000001 -0.020000000000000004 -0.05
-0.1 -0.08 0.04000000000000001 -0.020000000000000004 -0.010000000000000009
-0.1 -0.08 0.04000000000000001 -0.020000000000000004 0.0
-0.1 -0.08 0.04000000000000001 -0.010000000000000009 -0.08
-0.1 -0.08 0.04000000000000001 -0.010000000000000009 -0.010000000000000009
-0.1 -0.08 0.04000000000000001 -0.010000000000000009 0.04999999999999999
-0.1 -0.08 0.04000000000000001 -0.010000000000000009 0.07
-0.1 -0.08 0.04000000000000001 0.0 0.1
-0.1 -0.08 0.04000000000000001 0.009999999999999995 -0.1
-0.1 -0.08 0.04000000000000001 0.009999999999999995 -0.08
-0.1 -0.08 0.04000000000000001 0.01999999999999999 0.01999999999999999
-0.1 -0.08 0.04999999999999999 -0.07 -0.060000000000000005
-0.1 -0.08 0.04999999999999999 -0.07 -0.04000000000000001
-0.1 -0.08 0.04999999999999999 -0.05 -0.09000000000000001
-0.1 -0.08 0.04999999999999999 -0.05 -0.04000000000000001
-0.1 -0.08 0.04999999999999999 -0.05 0.04999999999999999
-0.1 -0.08 0.04999999999999999 -0.04000000000000001 0.01999999999999999
-0.1 -0.08 0.04999999999999999 -0.04000000000000001 0.03
-0.1 -0.08 0.04999999999999999 -0.03 0.06
-0.1 -0.08 0.04999999999999999 -0.03 0.07999999999999999
-0.1 -0.08 0.04999999999999999 -0.020000000000000004 0.0
-0.1 -0.08 0.04999999999999999 -0.020000000000000004 0.03
-0.1 -0.08 0.04999999999999999 -0.020000000000000004 0.04000000000000001
-0.1 -0.08 0.04999999999999999 -0.020000000000000004 0.06
-0.1 -0.08 0.04999999999999999 -0.020000000000000004 0.07
-0.1 -0.08 0.04999999999999999 -0.010000000000000009 -0.04000000000000001
-0.1 -0.08 0.04999999999999999 -0.010000000000000009 -0.03
-0.1 -0.08 0.04999999999999999 -0.010000000000000009 -0.020000000000000004
-0.1 -0.08 0.04999999999999999 -0.010000000000000009 0.07
-0.1 -0.08 0.04999999999999999 -0.010000000000000009 0.07999999999999999
-0.1 -0.08 0.04999999999999999 -0.010000000000000009 0.09
-0.1 -0.08 0.04999999999999999 0.0 0.04999999999999999
-0.1 -0.08 0.04999999999999999 0.0 0.09
-0.1 -0.08 0.04999999999999999 0.009999999999999995 -0.04000000000000001
-0.1 -0.08 0.04999999999999999 0.009999999999999995 -0.010000000000000009
-0.1 -0.08 0.04999999999999999 0.009999999999999995 0.07999999999999999
-0.1 -0.08 0.04999999999999999 0.009999999999999995 0.1
